Inst | Solucao | Custo | Estados Avaliados | Tempo (s)
-----+---------+-------+-------------------+----------
1 | Sim | 57 | 31231449 | 57.9033
2 | Sim | 55 | 3775236 | 5.06005
3 | Sim | 59 | 57115647 | 117.871
4 | Sim | 56 | 8856967 | 12.3305
5 | Sim | 56 | 4154480 | 5.49318
6 | Sim | 52 | 3913818 | 5.28177
7 | Sim | 52 | 23567992 | 36.5119
8 | Sim | 50 | 4063672 | 5.54504
9 | Sim | 46 | 507102 | 0.470131
10 | Sim | 59 | 29664437 | 50.1963
11 | Sim | 57 | 11309438 | 15.5669
12 | Sim | 45 | 122414 | 0.0556418
13 | Sim | 46 | 1713401 | 2.20554
14 | Sim | 59 | 64352427 | 136.283
15 | Sim | 62 | 57954521 | 115.451
16 | Sim | 42 | 1061629 | 1.18672
